
=== conv1d test: conv1d_bs8 ===
 dataset: ../ops_rknn/conv1d_simple_data/conv1d_simple_bs8
 description: conv1d|lhs=8,1,11|rhs=6,1,1|out=8,6,11|hw=1|stride=1|dilation=1|groups=1
 Input shape: (8, 1, 11)
 Weight shape: (6, 1, 1)
Expected Output (CPU computed):
  Batch 0:
    Output Channel 0:
       0.05932   0.26145   0.12487   0.05454  -0.09276  
       0.17721  -0.07582   0.47603   0.56323  -0.14162  
       0.35443  

    Output Channel 1:
       0.33531   1.47789   0.70583   0.30828  -0.52434  
       1.00174  -0.42857   2.69088   3.18379  -0.80056  
       2.00349  

    Output Channel 2:
      -0.14172  -0.62461  -0.29831  -0.13029   0.22161  
      -0.42338   0.18113  -1.13727  -1.34559   0.33835  
      -0.84675  

    Output Channel 3:
       0.13075   0.57628   0.27523   0.12021  -0.20446  
       0.39061  -0.16711   1.04926   1.24146  -0.31216  
       0.78122  

    Output Channel 4:
      -0.28763  -1.26772  -0.60546  -0.26444   0.44978  
      -0.85929   0.36762  -2.30822  -2.73103   0.68671  
      -1.71858  

    Output Channel 5:
       0.16899   0.74483   0.35573   0.15537  -0.26426  
       0.50486  -0.21599   1.35615   1.60457  -0.40347  
       1.00972  

  Batch 1:
    Output Channel 0:
       0.03511   0.08268   0.51696  -0.52111  -0.50154  
      -0.58280   0.40396   0.33782   0.44963   0.58132  
       0.36333  

    Output Channel 1:
       0.19846   0.46734   2.92224  -2.94571  -2.83506  
      -3.29444   2.28347   1.90960   2.54166   3.28606  
       2.05379  

    Output Channel 2:
      -0.08388  -0.19752  -1.23505   1.24498   1.19821  
       1.39236  -0.96509  -0.80707  -1.07421  -1.38882  
      -0.86801  

    Output Channel 3:
       0.07739   0.18223   1.13948  -1.14863  -1.10548  
      -1.28461   0.89040   0.74461   0.99108   1.28134  
       0.80084  

    Output Channel 4:
      -0.17024  -0.40088  -2.50668   2.52681   2.43190  
       2.82595  -1.95875  -1.63804  -2.18022  -2.81876  
      -1.76172  

    Output Channel 5:
       0.10002   0.23553   1.47276  -1.48459  -1.42882  
      -1.66034   1.15083   0.96240   1.28095   1.65611  
       1.03507  

  Batch 2:
    Output Channel 0:
      -0.04679   0.34079  -0.46387   0.16995  -0.43332  
       0.54010   0.02655  -0.10366  -0.28606   0.33307  
      -0.05328  

    Output Channel 1:
      -0.26448   1.92637  -2.62214   0.96067  -2.44945  
       3.05301   0.15005  -0.58596  -1.61704   1.88278  
      -0.30115  

    Output Channel 2:
       0.11178  -0.81416   1.10822  -0.40602   1.03524  
      -1.29032  -0.06342   0.24765   0.68343  -0.79574  
       0.12728  

    Output Channel 3:
      -0.10313   0.75115  -1.02246   0.37460  -0.95512  
       1.19047   0.05851  -0.22848  -0.63054   0.73415  
      -0.11743  

    Output Channel 4:
       0.22687  -1.65242   2.24925  -0.82405   2.10112  
      -2.61885  -0.12871   0.50263   1.38709  -1.61503  
       0.25833  

    Output Channel 5:
      -0.13329   0.97085  -1.32151   0.48416  -1.23448  
       1.53866   0.07562  -0.29531  -0.81496   0.94888  
      -0.15178  

  Batch 3:
    Output Channel 0:
       0.08312  -0.58458   0.14288   0.13621   0.14207  
       0.53921   0.22081  -0.17069  -0.07652   0.24009  
      -0.53416  

    Output Channel 1:
       0.46986  -3.30450   0.80768   0.76996   0.80307  
       3.04799   1.24820  -0.96486  -0.43255   1.35717  
      -3.01948  

    Output Channel 2:
      -0.19858   1.39661  -0.34136  -0.32542  -0.33941  
      -1.28820  -0.52754   0.40779   0.18281  -0.57360  
       1.27615  

    Output Channel 3:
       0.18321  -1.28853   0.31494   0.30023   0.31314  
       1.18851   0.48671  -0.37623  -0.16867   0.52921  
      -1.17739  

    Output Channel 4:
      -0.40304   2.83458  -0.69282  -0.66047  -0.68887  
      -2.61454  -1.07070   0.82765   0.37104  -1.16418  
       2.59009  

    Output Channel 5:
       0.23680  -1.66541   0.40706   0.38805   0.40473  
       1.53613   0.62907  -0.48627  -0.21800   0.68399  
      -1.52176  

  Batch 4:
    Output Channel 0:
       0.20257   0.20732  -0.35176  -0.45082  -0.22422  
      -0.16550   0.08527  -0.07459   0.59319  -0.48345  
      -0.35354  

    Output Channel 1:
       1.14509   1.17192  -1.98840  -2.54837  -1.26748  
      -0.93552   0.48201  -0.42165   3.35312  -2.73279  
      -1.99846  

    Output Channel 2:
      -0.48396  -0.49530   0.84038   1.07704   0.53569  
       0.39539  -0.20372   0.17821  -1.41716   1.15499  
       0.84463  

    Output Channel 3:
       0.44651   0.45697  -0.77534  -0.99369  -0.49423  
      -0.36479   0.18795  -0.16442   1.30749  -1.06560  
      -0.77926  

    Output Channel 4:
      -0.98225  -1.00526   1.70564   2.18597   1.08723  
       0.80248  -0.41347   0.36169  -2.87628   2.34417  
       1.71426  

    Output Channel 5:
       0.57710   0.59062  -1.00212  -1.28433  -0.63879  
      -0.47149   0.24292  -0.21251   1.68991  -1.37728  
      -1.00719  

  Batch 5:
    Output Channel 0:
      -0.41137   0.18596  -0.29971  -0.04093  -0.31053  
      -0.41434  -0.47336   0.18997  -0.43955  -0.36866  
      -0.15942  

    Output Channel 1:
      -2.32539   1.05120  -1.69416  -0.23137  -1.75536  
      -2.34215  -2.67579   1.07384  -2.48466  -2.08396  
      -0.90115  

    Output Channel 2:
       0.98280  -0.44428   0.71602   0.09778   0.74188  
       0.98989   1.13089  -0.45385   1.05012   0.88076  
       0.38086  

    Output Channel 3:
      -0.90674   0.40990  -0.66061  -0.09022  -0.68447  
      -0.91328  -1.04338   0.41872  -0.96885  -0.81260  
      -0.35139  

    Output Channel 4:
       1.99470  -0.90171   1.45324   0.19846   1.50573  
       2.00908   2.29527  -0.92113   2.13132   1.78761  
       0.77300  

    Output Channel 5:
      -1.17195   0.52979  -0.85383  -0.11660  -0.88467  
      -1.18040  -1.34855   0.54119  -1.25222  -1.05028  
      -0.45416  

  Batch 6:
    Output Channel 0:
       0.39002  -0.48938   0.41048  -0.49056   0.57895  
      -0.03808   0.57925   0.12739   0.29066  -0.55967  
      -0.26382  

    Output Channel 1:
       2.20468  -2.76632   2.32036  -2.77303   3.27264  
      -0.21523   3.27432   0.72008   1.64303  -3.16367  
      -1.49130  

    Output Channel 2:
      -0.93178   1.16916  -0.98067   1.17199  -1.38315  
       0.09096  -1.38386  -0.30434  -0.69441   1.33709  
       0.63028  

    Output Channel 3:
       0.85967  -1.07868   0.90478  -1.08129   1.27611  
      -0.08392   1.27676   0.28078   0.64067  -1.23361  
      -0.58151  

    Output Channel 4:
      -1.89116   2.37293  -1.99039   2.37868  -2.80725  
       0.18462  -2.80869  -0.61768  -1.40938   2.71377  
       1.27923  

    Output Channel 5:
       1.11112  -1.39418   1.16942  -1.39756   1.64935  
      -0.10847   1.65020   0.36291   0.82806  -1.59443  
      -0.75159  

  Batch 7:
    Output Channel 0:
      -0.46150  -0.24765  -0.46328  -0.22111  -0.10418  
      -0.52942   0.23386   0.08090  -0.28503   0.02825  
      -0.49323  

    Output Channel 1:
      -2.60873  -1.39993  -2.61879  -1.24988  -0.58889  
      -2.99266   1.32197   0.45728  -1.61117   0.15969  
      -2.78812  

    Output Channel 2:
       1.10255   0.59166   1.10680   0.52825   0.24889  
       1.26482  -0.55872  -0.19327   0.68095  -0.06749  
       1.17837  

    Output Channel 3:
      -1.01723  -0.54588  -1.02115  -0.48737  -0.22963  
      -1.16693   0.51548   0.17831  -0.62825   0.06227  
      -1.08718  

    Output Channel 4:
       2.23775   1.20085   2.24638   1.07213   0.50515  
       2.56708  -1.13397  -0.39225   1.38205  -0.13698  
       2.39163  

    Output Channel 5:
      -1.31475  -0.70554  -1.31982  -0.62991  -0.29679  
      -1.50825   0.66625   0.23046  -0.81200   0.08048  
      -1.40516  

2048 96 3072
task addr 0x7f85ad9000 0xffa19000 0xffffff811778a800 1
SUCCESS: Created flink name 1 for handle 1 (task)
dma addr: 0xffa19000 gem name: 1 (handle 1)
SUCCESS: Created flink name 2 for handle 2 (weights)
dma addr: 0xff970000 gem name: 2 (handle 2)
SUCCESS: Created flink name 3 for handle 3 (input)
dma addr: 0xffe04000 gem name: 3 (handle 3)
SUCCESS: Created flink name 4 for handle 4 (output)
dma addr: 0xffdfe000 gem name: 4 (handle 4)
Created flink names: tasks=1, input=3, weights=2, output=4
check reg_task_length=110, sizeof(uint64_t)=8
check regcmd_addr=0xff970080, reg_base_addr=0xff970000, i=0, reg_task_offsets[i]=0, reg_task_lengths[i]=110
submitTask flags 5
DRM_IOCTL_RKNPU_SUBMITActual Output (RKNN):
  Batch 0:
    Output Channel 0:
       0.05933   0.33521  -0.14172   0.13074  -0.28760  
       0.16895   0.00000   0.00000   0.00000   0.00000  
       0.00000  

    Output Channel 1:
       0.00000   0.00000   0.00000   0.00000   0.00000  
       0.00000   0.00000   0.00000   0.00000   0.00000  
       0.00000  

    Output Channel 2:
       0.00000   0.00000   0.00000   0.00000   0.00000  
       0.00000   0.00000   0.00000   0.00000   0.00000  
       0.00000  

    Output Channel 3:
       0.00000   0.00000   0.00000   0.00000   0.00000  
       0.00000   0.00000   0.00000   0.00000   0.00000  
       0.00000  

    Output Channel 4:
       0.00000   0.00000   0.00000   0.00000   0.00000  
       0.00000   0.00000   0.00000   0.00000   0.00000  
       0.00000  

    Output Channel 5:
       0.00000   0.00000   0.00000   0.00000   0.26147  
       1.47754  -0.62451   0.57617  -1.26758   0.74463  
       0.00000  

  Batch 1:
    Output Channel 0:
       0.00000   0.00000   0.00000   0.00000   0.00000  
       0.00000   0.00000   0.00000   0.00000   0.00000  
       0.00000  

    Output Channel 1:
       0.00000   0.00000   0.00000   0.00000   0.00000  
       0.00000   0.00000   0.00000   0.00000   0.00000  
       0.00000  

    Output Channel 2:
       0.00000   0.00000   0.00000   0.00000   0.00000  
       0.00000   0.00000   0.00000   0.00000   0.00000  
       0.00000  

    Output Channel 3:
       0.00000   0.00000   0.00000   0.00000   0.00000  
       0.00000   0.00000   0.00000   0.00000   0.00000  
       0.00000  

    Output Channel 4:
       0.00000   0.00000   0.00000   0.00000   0.00000  
       0.00000   0.00000   0.00000   0.00000   0.00000  
       0.00000  

    Output Channel 5:
       0.00000   0.00000   0.00000   0.00000   0.00000  
       0.00000   0.00000   0.00000   0.00000   0.00000  
       0.00000  

  Batch 2:
    Output Channel 0:
       0.00000   0.00000   0.00000   0.00000   0.00000  
       0.00000   0.00000   0.00000   0.00000   0.00000  
       0.00000  

    Output Channel 1:
       0.00000   0.00000   0.00000   0.00000   0.00000  
       0.00000   0.00000   0.00000   0.00000   0.00000  
       0.00000  

    Output Channel 2:
       0.00000   0.00000   0.00000   0.00000   0.00000  
       0.00000   0.00000   0.00000   0.00000   0.00000  
       0.00000  

    Output Channel 3:
       0.00000   0.00000   0.00000   0.00000   0.00000  
       0.00000   0.00000   0.00000   0.00000   0.00000  
       0.00000  

    Output Channel 4:
       0.00000   0.00000   0.00000   0.00000   0.00000  
       0.00000   0.00000   0.00000   0.00000   0.00000  
       0.00000  

    Output Channel 5:
       0.00000   0.00000   0.00000   0.00000   0.00000  
       0.00000   0.00000   0.00000   0.00000   0.00000  
       0.00000  

  Batch 3:
    Output Channel 0:
       0.00000   0.00000   0.00000   0.00000   0.00000  
       0.00000   0.00000   0.00000   0.00000   0.00000  
       0.00000  

    Output Channel 1:
       0.00000   0.00000   0.00000   0.00000   0.00000  
       0.00000   0.00000   0.00000   0.00000   0.00000  
       0.00000  

    Output Channel 2:
       0.00000   0.00000   0.00000   0.00000   0.00000  
       0.00000   0.00000   0.00000   0.00000   0.00000  
       0.00000  

    Output Channel 3:
       0.00000   0.00000   0.00000   0.00000   0.00000  
       0.00000   0.00000   0.00000   0.00000   0.00000  
       0.00000  

    Output Channel 4:
       0.00000   0.00000   0.00000   0.00000   0.00000  
       0.00000   0.00000   0.00000   0.00000   0.00000  
       0.00000  

    Output Channel 5:
       0.00000   0.00000   0.00000   0.00000   0.00000  
       0.00000   0.00000   0.00000   0.00000   0.00000  
       0.00000  

  Batch 4:
    Output Channel 0:
       0.00000   0.00000   0.00000   0.00000   0.00000  
       0.00000   0.00000   0.00000   0.00000   0.00000  
       0.00000  

    Output Channel 1:
       0.00000   0.00000   0.00000   0.00000   0.00000  
       0.00000   0.00000   0.00000   0.00000   0.00000  
       0.00000  

    Output Channel 2:
       0.00000   0.00000   0.00000   0.00000   0.00000  
       0.00000   0.00000   0.00000   0.00000   0.00000  
       0.00000  

    Output Channel 3:
       0.00000   0.00000   0.00000   0.00000   0.00000  
       0.00000   0.00000   0.00000   0.00000   0.00000  
       0.00000  

    Output Channel 4:
       0.00000   0.00000   0.00000   0.00000   0.00000  
       0.00000   0.00000   0.00000   0.00000   0.00000  
       0.00000  

    Output Channel 5:
       0.00000   0.00000   0.00000   0.00000   0.00000  
       0.00000   0.00000   0.00000   0.00000   0.00000  
       0.00000  

  Batch 5:
    Output Channel 0:
       0.00000   0.00000   0.00000   0.00000   0.00000  
       0.00000   0.00000   0.00000   0.00000   0.00000  
       0.00000  

    Output Channel 1:
       0.00000   0.00000   0.00000   0.00000   0.00000  
       0.00000   0.00000   0.00000   0.00000   0.00000  
       0.00000  

    Output Channel 2:
       0.00000   0.00000   0.00000   0.00000   0.00000  
       0.00000   0.00000   0.00000   0.00000   0.00000  
       0.00000  

    Output Channel 3:
       0.00000   0.00000   0.00000   0.00000   0.00000  
       0.00000   0.00000   0.00000   0.00000   0.00000  
       0.00000  

    Output Channel 4:
       0.00000   0.00000   0.00000   0.00000   0.00000  
       0.00000   0.00000   0.00000   0.00000   0.00000  
       0.00000  

    Output Channel 5:
       0.00000   0.00000   0.00000   0.00000   0.00000  
       0.00000   0.00000   0.00000   0.00000   0.00000  
       0.00000  

  Batch 6:
    Output Channel 0:
       0.00000   0.00000   0.00000   0.00000   0.00000  
       0.00000   0.00000   0.00000   0.00000   0.00000  
       0.00000  

    Output Channel 1:
       0.00000   0.00000   0.00000   0.00000   0.00000  
       0.00000   0.00000   0.00000   0.00000   0.00000  
       0.00000  

    Output Channel 2:
       0.00000   0.00000   0.00000   0.00000   0.00000  
       0.00000   0.00000   0.00000   0.00000   0.00000  
       0.00000  

    Output Channel 3:
       0.00000   0.00000   0.00000   0.00000   0.00000  
       0.00000   0.00000   0.00000   0.00000   0.00000  
       0.00000  

    Output Channel 4:
       0.00000   0.00000   0.00000   0.00000   0.00000  
       0.00000   0.00000   0.00000   0.00000   0.00000  
       0.00000  

    Output Channel 5:
       0.00000   0.00000   0.00000   0.00000   0.00000  
       0.00000   0.00000   0.00000   0.00000   0.00000  
       0.00000  

  Batch 7:
    Output Channel 0:
       0.00000   0.00000   0.00000   0.00000   0.00000  
       0.00000   0.00000   0.00000   0.00000   0.00000  
       0.00000  

    Output Channel 1:
       0.00000   0.00000   0.00000   0.00000   0.00000  
       0.00000   0.00000   0.00000   0.00000   0.00000  
       0.00000  

    Output Channel 2:
       0.00000   0.00000   0.00000   0.00000   0.00000  
       0.00000   0.00000   0.00000   0.00000   0.00000  
       0.00000  

    Output Channel 3:
       0.00000   0.00000   0.00000   0.00000   0.00000  
       0.00000   0.00000   0.00000   0.00000   0.00000  
       0.00000  

    Output Channel 4:
       0.00000   0.00000   0.00000   0.00000   0.00000  
       0.00000   0.00000   0.00000   0.00000   0.00000  
       0.00000  

    Output Channel 5:
       0.00000   0.00000   0.00000   0.00000   0.00000  
       0.00000   0.00000   0.00000   0.00000   0.00000  
       0.00000  

conv1d mismatch (conv1d_bs8) dataset=../ops_rknn/conv1d_simple_data/conv1d_simple_bs8 idx=1 npu=0.335205 cpu=0.261446 rtol=0.001 atol=1e-06
conv1d_bs8: NPU output does not match CPU reference
